4294967279,118
4294967279,120
4294967279,119
4294967279,351
4294967279,128
4294967279,127
4294967279,126
4294967279,125
4294967279,124
4294967279,123
4294967279,122
4294967279,121
4294967279,350
4294967278,12
4294967278,11
4294967278,10
4294967278,9
4294967278,8
4294967278,7
4294967278,6
4294967278,5
4294967278,4
4294967279,132
4294967279,131
4294967279,130
4294967279,129
4294967279,174
4294967278,528
4294967279,349
4294967279,348
4294967279,347
4294967278,527
4294967278,259
4294967278,258
4294967278,233
4294967278,526
4294967279,277
4294967278,275
4294967278,272
4294967279,134
4294967278,261
6,0
4294967279,346
4294967278,266
4294967278,265
4294967278,264
4294967278,263
4294967278,22
4294967278,21
4294967278,20
4294967278,19
4294967278,18
4294967278,17
4294967278,16
4294967278,15
4294967278,14
4294967278,13
4294967278,215
4294967278,271
4294967278,270
4294967278,269
4294967278,268
4294967278,255
4294967279,345
4294967278,525
4294967279,344
4294967278,524
4294967279,343
4294967278,523
4294967278,139
4294967278,138
4294967278,276
4294967278,136
4294967278,135
4294967278,134
4294967278,133
4294967278,245
4294967278,30
4294967278,29
4294967278,28
4294967278,27
4294967278,26
4294967278,25
4294967278,24
4294967278,23
4294967278,147
4294967278,146
4294967278,145
4294967278,144
4294967278,143
4294967278,142
4294967278,141
4294967278,140
4294967278,522
4294967278,231
4294967279,342
4294967278,521
4294967279,341
4294967278,35
4294967278,34
4294967278,33
4294967278,32
4294967278,31
4294967279,23
4294967278,520
4294967279,340
4294967278,151
4294967278,150
4294967278,149
4294967278,148
4294967279,279
4294967279,135
4294967279,133
4294967278,249
4294967279,339
4294967278,247
4294967279,338
4294967278,519
4294967279,337
4294967278,518
4294967279,336
4294967279,335
4294967278,172
4294967279,334
4294967278,517
4294967279,333
4294967278,516
4294967279,21
4294967279,19
4294967279,16
4294967279,14
4294967279,13
4294967279,11
4294967279,332
4294967278,515
4294967279,275
4294967279,274
4294967279,272
4294967279,270
4294967279,267
4294967279,331
4294967279,330
4294967278,514
4294967279,329
4294967278,513
4294967278,512
4294967279,328
4294967278,229
4294967278,221
4294967278,219
4294967278,319
4294967279,327
4294967279,326
4294967279,325
4294967278,318
4294967279,324
4294967278,317
4294967279,323
4294967279,322
4294967278,316
4294967279,321
4294967278,315
4294967279,320
4294967278,314
4294967294,470
4294967294,426
4294967294,43
4294967294,51
4294967294,52
4294967294,1099
4294967279,319
4294967278,313
4294967278,240
4294967278,234
4294967278,232
4294967278,230
4294967278,228
4294967278,226
4294967278,224
4294967278,222
4294967278,220
4294967278,218
4294967278,216
4294967278,214
4294967278,213
4294967278,212
4294967278,211
6,6
6,5
4294967278,187
4294967278,186
4294967278,185
4294967278,184
4294967278,183
4294967278,182
4294967278,181
4294967278,180
4294967278,179
4294967278,178
4294967278,177
4294967278,176
4294967278,175
4294967278,173
4294967279,318
4294967278,312
4294967278,171
4294967278,170
4294967278,169
4294967278,164
4294967278,163
4294967278,162
4294967278,161
4294967278,160
4294967278,159
4294967278,154
4294967278,152
4294967279,136
4294967279,317
4294967279,273
4294967279,271
4294967278,311
4294967279,269
4294967279,286
4294967279,266
4294967279,265
4294967279,264
4294967279,263
4294967279,262
4294967279,284
4294967279,259
4294967278,310
4294967279,258
4294967278,309
4294967279,316
4294967278,308
4294967279,315
4294967278,307
4294967279,314
4294967278,306
4294967279,313
4294967278,305
4294967279,312
4294967278,304
4294967278,260
4294967279,311
4294967278,303
4294967278,302
4294967279,310
4294967279,260
4294967278,254
4294967278,253
4294967278,252
4294967278,250
4294967278,248
4294967278,246
4294967278,244
4294967278,242
4294967278,241
4294967278,238
4294967278,237
4294967278,236
4294967278,210
4294967278,209
4294967278,208
4294967278,207
4294967278,206
4294967278,205
4294967278,204
4294967278,203
4294967278,202
4294967278,201
4294967278,200
4294967278,199
4294967278,198
4294967278,197
4294967278,196
4294967278,195
4294967278,194
4294967278,193
4294967278,192
4294967278,191
4294967279,309
4294967278,190
4294967279,308
4294967278,189
4294967278,188
4294967278,301
4294967279,307
4294967278,300
4294967279,306
4294967278,299
4294967279,305
4294967278,298
4294967279,304
4294967278,297
4294967278,168
4294967278,167
4294967278,166
4294967278,165
4294967278,296
4294967279,303
4294967278,295
4294967279,302
4294967278,294
4294967278,158
4294967278,157
4294967278,156
4294967279,301
4294967278,155
4294967278,293
4294967279,300
4294967278,153
4294967294,2
4294967279,299
4294967294,430
4294967294,1
4294967294,187
4294967279,298
4294967279,297
4294967278,292
4294967279,296
4294967278,291
4294967278,290
4294967294,17
4294967294,99
